A1=1;
fm1=1068200;
A2=3.71;
fm2=2128;
A3=3.9;
fm3=5980;

f1=-fm1-fm2-fm3
B1=A3/4
f2=-fm1-fm2
B2=A2/4
f3=-fm1+fm2
B3=A2/4
f4=-fm1+fm3
B4=A3/4
f5=fm1-fm3
B5=A3/4
f6=fm1-fm2
B6=A2/4
f7=fm1+fm2
B7=A2/4
f8=fm1+fm2+fm3
B8=A3/4