A1=1;
fm1=1059400;
A0=10;
A2=2.15;
fm2=1040;
A3=2.98;
fm3=5876;

m=(A2+A3)*10

A=(4*(A2/4)^2+4*(A3/4)^2)/(2*(A0/2)^2)*100

f1=-fm1-fm3
B1=A3/4
f2=-fm1-fm2
B2=A2/4
f3=-fm1
B3=A0/2
f4=-fm1+fm2
B4=A2/4
f5=-fm1+fm3
B5=A3/4
f6=fm1-fm3
B6=A3/4
f7=fm1-fm2
B7=A2/4
f8=fm1
B8=A0/2
f9=fm1+fm2
B9=A2/4
f10=fm1+fm3
B10=A3/4